 step         s(q)            yin          y         t(q)         delta_w         delta_b          w             b
  1         [ 1 1 1 ]          0           0          1          [ 1 1 1 ]          1           [ 1 1 1 ]        1         
  2         [ 1 1 -1 ]         2           1         -1          [ -1 -1 1 ]       -1           [ 0 0 2 ]        0         
  3         [ 1 -1 1 ]         2           1         -1          [ -1 1 -1 ]       -1           [ -1 1 1 ]      -1        
  4         [ -1 1 1 ]         2           1         -1          [ 1 -1 -1 ]       -1           [ 0 0 0 ]       -2        
  5         [ 1 1 1 ]         -2          -1          1          [ 1 1 1 ]          1           [ 1 1 1 ]       -1        
  6         [ 1 1 -1 ]         0           0         -1          [ -1 -1 1 ]       -1           [ 0 0 2 ]       -2        
  7         [ 1 -1 1 ]         0           0         -1          [ -1 1 -1 ]       -1           [ -1 1 1 ]      -3        
  8         [ -1 1 1 ]         0           0         -1          [ 1 -1 -1 ]       -1           [ 0 0 0 ]       -4        
  9         [ 1 1 1 ]         -4          -1          1          [ 1 1 1 ]          1           [ 1 1 1 ]       -3        
  10        [ 1 1 -1 ]        -2          -1         -1          [ 0 0 0 ]          0           [ 1 1 1 ]       -3        
  11        [ 1 -1 1 ]        -2          -1         -1          [ 0 0 0 ]          0           [ 1 1 1 ]       -3        
  12        [ -1 1 1 ]        -2          -1         -1          [ 0 0 0 ]          0           [ 1 1 1 ]       -3        
  13        [ 1 1 1 ]          0           0          1          [ 1 1 1 ]          1           [ 2 2 2 ]       -2        
  14        [ 1 1 -1 ]         0           0         -1          [ -1 -1 1 ]       -1           [ 1 1 3 ]       -3        
  15        [ 1 -1 1 ]         0           0         -1          [ -1 1 -1 ]       -1           [ 0 2 2 ]       -4        
  16        [ -1 1 1 ]         0           0         -1          [ 1 -1 -1 ]       -1           [ 1 1 1 ]       -5        
  17        [ 1 1 1 ]         -2          -1          1          [ 1 1 1 ]          1           [ 2 2 2 ]       -4        
  18        [ 1 1 -1 ]        -2          -1         -1          [ 0 0 0 ]          0           [ 2 2 2 ]       -4        
  19        [ 1 -1 1 ]        -2          -1         -1          [ 0 0 0 ]          0           [ 2 2 2 ]       -4        
  20        [ -1 1 1 ]        -2          -1         -1          [ 0 0 0 ]          0           [ 2 2 2 ]       -4        
  21        [ 1 1 1 ]          2           1          1          [ 0 0 0 ]          0           [ 2 2 2 ]       -4        
